cam0:
  T_cam_imu:
    [-0.00386402, 0.0431399, 0.999062, -0.0446042,
     -0.999974, -0.00624119, -0.00359805, 0.260737,
     0.00608011, -0.99905, 0.0431629, 0.224383,
     0, 0, 0, 1]
  camera_model: pinhole
  distortion_coeffs: [  0.00000,   0.00000,   0.00000,   0.00000,   0.00000]
  distortion_model: equidistant
  intrinsics: [748.764, 747.31, 508.52, 515.482]
  resolution: [1024, 1024]
  rostopic: cam0
cam1:
  T_cam_imu:
    [0.0107349, -0.03742, -0.999242, 0.548902,
     0.999755, 0.0197464, 0.010001, 0.243816,
     0.0193572, -0.999105, 0.0376228, 0.213379,
     0, 0, 0, 1]
  camera_model: pinhole
  distortion_coeffs: [  0.00000,   0.00000,   0.00000,   0.00000,   0.00000]
  distortion_model: equidistant
  intrinsics: [748.764, 747.31, 508.52, 515.482]
  resolution: [1024, 1024]
  rostopic: cam1
cam2:
  T_cam_imu:
    [0.99847, -0.0024412, 0.0552451, 0.218687,
     -0.0551904, 0.018609, 0.998302, -0.0419127,
     -0.00346512, -0.999824, 0.0184458, 0.238283,
     0, 0, 0, 1]
  camera_model: pinhole
  distortion_coeffs: [  0.00000,   0.00000,   0.00000,   0.00000,   0.00000]
  distortion_model: equidistant
  intrinsics: [748.764, 747.31, 508.52, 515.482]
  resolution: [1024, 1024]
  rostopic: cam2
cam3:
  T_cam_imu:
    [-0.999983, 0.00351363, 0.00466771, 0.23595,
     -0.0047234, -0.0160103, -0.999861, 0.559993,
     -0.00343841, -0.999866, 0.0160266, 0.245908,
     0, 0, 0, 1]
  camera_model: pinhole
  distortion_coeffs: [  0.00000,   0.00000,   0.00000,   0.00000,   0.00000]
  distortion_model: equidistant
  intrinsics: [748.764, 747.31, 508.52, 515.482]
  resolution: [1024, 1024]
  rostopic: cam3
