cam0:
  T_cam_imu:
    [-0.00106071, 0.0419516, 0.999119, -0.0471039,
     -0.999986, -0.00514782, -0.000845477, 0.258426,
     0.00510781, -0.999106, 0.0419565, 0.224406,
     0, 0, 0, 1]
  camera_model: pinhole
  distortion_coeffs: [  0.00000,   0.00000,   0.00000,   0.00000,   0.00000]
  distortion_model: equidistant
  intrinsics: [748.764, 747.31, 508.52, 515.482]
  resolution: [1024, 1024]
  rostopic: cam0
cam1:
  T_cam_imu:
    [0.00958035, -0.0426981, -0.999042, 0.55137,
     0.999824, 0.0165175, 0.00888191, 0.244961,
     0.0161224, -0.998951, 0.0428489, 0.210537,
     0, 0, 0, 1]
  camera_model: pinhole
  distortion_coeffs: [ -0.16362,   0.08601,   0.00038,  -0.00064,   0.00000]
  distortion_model: equidistant
  intrinsics: [748.764, 747.31, 508.52, 515.482]
  resolution: [1024, 1024]
  rostopic: cam1
cam2:
  T_cam_imu:
    [0.998988, -0.00649454, 0.0445025, 0.224467,
     -0.0443891, 0.0166618, 0.998875, -0.0453674,
     -0.00722873, -0.99984, 0.0163567, 0.23667,
     0, 0, 0, 1]
  camera_model: pinhole
  distortion_coeffs: [ -0.16362,   0.08601,   0.00038,  -0.00064,   0.00000]
  distortion_model: equidistant
  intrinsics: [748.764, 747.31, 508.52, 515.482]
  resolution: [1024, 1024]
  rostopic: cam2
cam3:
  T_cam_imu:
    [-0.999996, 0.00244916, 0.00118906, 0.238767,
     -0.00125116, -0.025513, -0.999674, 0.55164,
     -0.00241803, -0.999671, 0.0255159, 0.244313,
     0, 0, 0, 1]
  camera_model: pinhole
  distortion_coeffs: [ -0.16362,   0.08601,   0.00038,  -0.00064,   0.00000]
  distortion_model: equidistant
  intrinsics: [748.764, 747.31, 508.52, 515.482]
  resolution: [1024, 1024]
  rostopic: cam3
