cam0:
  T_cam_imu:
    [-0.0376377, -0.000389077, 0.999291, -0.038169,
     -0.998945, -0.0263014, -0.0376349, 0.276118,
     0.0262974, -0.999654, 0.000601256, 0.246327,
     0, 0, 0, 1]
  camera_model: pinhole
  distortion_coeffs: [  0.00000,   0.00000,   0.00000,   0.00000,   0.00000]
  distortion_model: equidistant
  intrinsics: [1497.53, 1494.62, 1017.04, 1030.96]
  resolution: [2048, 2048]
  rostopic: cam0
cam1:
  T_cam_imu:
    [-0.748241, 0.662326, 0.0382216, -0.093644,
     -0.0271329, 0.0270133, -0.999267, 0.799256,
     -0.662872, -0.748729, -0.00224158, 0.0426689,
     0, 0, 0, 1]
  camera_model: pinhole
  distortion_coeffs: [  0.00000,   0.00000,   0.00000,   0.00000,   0.00000]
  distortion_model: equidistant
  intrinsics: [1497.53, 1494.62, 1017.04, 1030.96]
  resolution: [2048, 2048]
  rostopic: cam1
