cam0:
  T_cam_imu:
    [1.0, 0.0, 0.0, 0.0,
     0.0, 1.0, 0.0, 0.0,
     0.0, 0.0, 1.0, 0.0,
     0.0, 0.0, 0.0, 1.0]
  camera_model: pinhole
#  distortion_coeffs: [-0.163620, 0.086008, 0.000376, -0.000640, 0.000000]
  distortion_coeffs: [0, 0, 0, 0, 0]
  distortion_model: equidistant
  intrinsics: [748.7638,  747.3100,  508.5202, 515.4823]
  resolution: [1024, 1024]
  rostopic: image_raw
cam1:
  T_cam_imu:
    [1.0, 0.0, 0.0, 0.0,
     0.0, 1.0, 0.0, 0.0,
     0.0, 0.0, 1.0, 0.0,
     0.0, 0.0, 0.0, 1.0]
  camera_model: pinhole
#  distortion_coeffs: [-0.163620, 0.086008, 0.000376, -0.000640, 0.000000]
  distortion_coeffs: [0, 0, 0, 0, 0]
  distortion_model: equidistant
  intrinsics: [748.7638,  747.3100,  508.5202,  515.4823]
  resolution: [1024, 1024]
  rostopic: image_raw
cam2:
  T_cam_imu:
    [1.0, 0.0, 0.0, 0.0,
     0.0, 1.0, 0.0, 0.0,
     0.0, 0.0, 1.0, 0.0,
     0.0, 0.0, 0.0, 1.0]
  camera_model: pinhole
#  distortion_coeffs: [-0.163620, 0.086008, 0.000376, -0.000640, 0.000000]
  distortion_coeffs: [0, 0, 0, 0, 0]
  distortion_model: equidistant
  intrinsics: [748.7638,  747.3100,  508.5202,  515.4823]
  resolution: [1024, 1024]
  rostopic: image_raw
cam3:
  T_cam_imu:
    [1.0, 0.0, 0.0, 0.0,
     0.0, 1.0, 0.0, 0.0,
     0.0, 0.0, 1.0, 0.0,
     0.0, 0.0, 0.0, 1.0]
  camera_model: pinhole
#  distortion_coeffs: [-0.163620, 0.086008, 0.000376, -0.000640, 0.000000]
  distortion_coeffs: [0, 0, 0, 0, 0]
  distortion_model: equidistant
  intrinsics: [748.7638,  747.3100,  508.5202,  515.4823]
  resolution: [1024, 1024]
  rostopic: image_raw
